# message ciphertext
16512490488185588596 7969565605816525137
7858514579842233755 12170563608508527832
14734879799472495993 2373586481159144568
8360604509572734874 17828216309731470985
4949781733687988098 15644258904106209923
6140006738168510460 17478052464574191097
12579729076880689399 1986938843189215268
16949648277439668728 2893237137199685505
5662021077600049435 10416984346701992680
10431125595478080333 5870582169335211466
7919788818812053965 9390768428595506674
14833879203048490371 504302785106952994
7801023247229270075 12745397306935748332
4607584244908042198 11044866317976261793
14085243246202445636 7235592098141915291
15733652962392127152 2972358188808377277
11910048967565363909 6920695112301242966
5479909657973540021 11722737128581964548
16456706135024893331 8400264775923285608
11868865088134981929 5967276321083033282
15170681941500245711 5649438650577369198
9038306038458999294 11920644525947675985
5615356053702689394 9731620703355826485
12197872179720253569 3523896810669306318
7190035553898311616 14766160874801947827
6193924568729251145 15792054458229447986
17269503851646250380 99803013720537619
8734588704413582930 13363813439188687685
4782777097779662908 16437276121881975805
13515356859523870351 2135360466116332854
4253462804685353193 13809811725794541342
6730126883522615792 13718990860014184937
18389664772804422787 4520353465441114870
14304958725093607243 6355859370745410242
9905141041694835036 4342705484652562193
4716026316664649745 17859572232178846092
6183054900623826634 13982169670748139455
2543760591346519630 17287185082777236103
6132462842025314475 16544707232867598678
15481800447464849101 5508674842850198574
11838013921453682713 8058120825996523948
12976881394427666980 9136967755549216967
9213135697636637688 9566402969466163657
3579253862022328963 14728815266105846590
17839837853236491309 6153215476200758158
938620106665960784 13088873269679055377
17632194047673264056 6707708118639674497
16182756081495391280 6255995721481259933
2629890034067694819 16753150356370759190
8093117512143295214 17629050442611459263
17950020397609252310 3008363171674247609
6050449752602248026 15444218613434602961
1260724682682103082 16155659182934116891
9774042510313740828 6606796576643837853
10152076989857381944 1794750586283175965
15509362151091677897 8030631995379272086
13647272047789562787 3612777001604934874
1431767070330593616 14106787855627174305
5127352830626015520 17071338600630673635
7469700457596602578 14277421308115056709
13876520732198792653 6449960664727490802
17494083242247776232 6435337639846853347
14409495339423493098 4821873851378190099
12873112100261507754 6426155782055964623
13621950427834745436 2797889106712978629
